(29, 63)
(29, 63)
(29, 63)
(29, 63)
(29, 63)
(29, 63)
(29, 63)
(29, 63)
(29, 63)
(29, 63)
(29, 63)
(29, 63)
(29, 63)
(29, 63)
(29, 63)
(29, 63)
(29, 63)
(29, 63)
(29, 63)
(29, 63)
(31, 63)
(31, 63)
(31, 63)
(31, 63)
(31, 63)
(31, 63)
(31, 63)
(31, 63)
(31, 63)
(31, 63)
(32, 63)
(32, 63)
(32, 63)
(32, 63)
(32, 63)
(32, 63)
(32, 63)
(31, 63)
(31, 63)
(31, 63)
(31, 63)
(31, 63)
(31, 63)
(31, 63)
(31, 63)
(31, 63)
(31, 63)
(31, 63)
(31, 63)
(31, 63)
(31, 63)
(31, 63)
(31, 63)
(31, 63)
(31, 63)
(31, 63)
(31, 63)
(31, 63)
(31, 63)
(30, 63)
(30, 63)
(31, 63)
(31, 63)
(31, 63)
(31, 63)
(31, 63)
(31, 63)
(31, 63)
(31, 63)
(31, 63)
(32, 63)
(32, 63)
(32, 63)
(32, 63)
(32, 63)
(32, 63)
(32, 63)
(33, 63)
(33, 63)
(33, 63)
(33, 63)
(33, 63)
(33, 63)
(33, 63)
(34, 63)
(34, 63)
(34, 63)
(34, 63)
(34, 63)
(34, 63)
(34, 63)
(34, 63)
(34, 63)
(34, 63)
(34, 63)
(34, 63)
(34, 63)
(34, 63)
(34, 63)
(34, 63)
(34, 63)
(34, 63)
(35, 63)
(35, 63)
(35, 63)
(35, 63)
(35, 63)
(35, 63)
(35, 63)
(35, 63)
(35, 63)
(35, 63)
(35, 63)
(35, 63)
(35, 63)
(35, 63)
(35, 63)
(35, 63)
(35, 63)
(35, 63)
(35, 63)
(35, 63)
(36, 63)
(36, 63)
(36, 63)
(36, 63)
(36, 63)
(36, 63)
(36, 63)
(36, 63)
(36, 63)
(36, 63)
(36, 63)
(37, 63)
(37, 63)
(37, 63)
(37, 63)
(37, 63)
(37, 63)
(37, 63)
(37, 63)
(38, 63)
(38, 63)
(38, 63)
(38, 62)
(38, 62)
(38, 62)
(38, 62)
(38, 62)
(38, 62)
(38, 62)
(38, 62)
(38, 62)
(38, 62)
(38, 62)
(39, 62)
(39, 62)
(39, 62)
(39, 62)
(39, 62)
(39, 62)
(39, 62)
(39, 62)
(39, 62)
(39, 62)
(39, 62)
(40, 62)
(40, 62)
(40, 62)
(40, 62)
(40, 62)
(40, 62)
(40, 62)
(40, 62)
(40, 62)
(40, 62)
(40, 62)
(41, 62)
(41, 62)
(41, 61)
(41, 61)
(41, 61)
(41, 61)
(41, 61)
(41, 61)
(41, 61)
(41, 61)
(41, 61)
(41, 61)
(41, 61)
(41, 61)
(42, 61)
(42, 61)
(42, 61)
(42, 61)
(42, 61)
(43, 61)
(43, 61)
(43, 61)
(43, 61)
(43, 61)
(43, 61)
(43, 61)
(43, 61)
(43, 61)
(43, 61)
(43, 61)
(43, 61)
(43, 61)
(43, 61)
(44, 61)
(44, 61)
(44, 61)
(44, 61)
(44, 61)
(44, 61)
(44, 61)
(44, 61)
(44, 61)
(44, 60)
(44, 60)
(44, 60)
(44, 60)
(44, 60)
(44, 60)
(44, 60)
(44, 60)
(44, 60)
(45, 60)
(45, 60)
(45, 60)
(45, 60)
(45, 60)
(45, 60)
(45, 60)
(45, 60)
(45, 60)
(45, 60)
(45, 60)
(45, 60)
(46, 60)
(46, 60)
(46, 60)
(46, 60)
(46, 60)
(46, 60)
(46, 60)
(46, 60)
(46, 60)
(46, 60)
(46, 60)
(46, 60)
(46, 60)
(46, 60)
(46, 59)
(46, 59)
(46, 59)
(46, 59)
(46, 59)
(46, 59)
(46, 59)
(46, 59)
(46, 59)
(46, 59)
(46, 59)
(47, 59)
(47, 59)
(47, 59)
(47, 59)
(47, 59)
(47, 59)
(47, 59)
(47, 59)
(47, 59)
(47, 59)
(47, 59)
(47, 59)
(47, 59)
(47, 59)
(47, 59)
(47, 59)
(47, 59)
(47, 59)
(47, 59)
(47, 59)
(48, 59)
(48, 59)
(48, 59)
(48, 59)
(48, 59)
(48, 59)
(48, 59)
(48, 59)
(48, 58)
(48, 58)
(48, 58)
(48, 58)
(48, 58)
(48, 58)
(48, 58)
(48, 58)
(48, 58)
(48, 58)
(48, 58)
(48, 58)
(48, 58)
(48, 58)
(48, 58)
(48, 58)
(49, 58)
(49, 58)
(49, 58)
(49, 58)
(49, 58)
(49, 58)
(49, 58)
(49, 58)
(49, 58)
(49, 58)
(49, 58)
(49, 58)
(49, 58)
(49, 58)
(49, 58)
(49, 58)
(49, 57)
(49, 57)
(49, 57)
(49, 57)
(50, 57)
(50, 57)
(50, 57)
(50, 57)
(50, 57)
(50, 57)
(50, 57)
(50, 57)
(50, 57)
(50, 57)
(50, 57)
(50, 57)
(50, 57)
(50, 57)
(50, 57)
(50, 57)
(50, 57)
(50, 57)
(50, 57)
(50, 57)
(50, 57)
(50, 57)
(50, 57)
(51, 57)
(51, 57)
(51, 57)
(51, 57)
(51, 57)
(51, 57)
(51, 56)
(51, 56)
(51, 56)
(51, 56)
(51, 56)
(51, 56)
(51, 56)
(51, 56)
(51, 56)
(51, 56)
(51, 56)
(51, 56)
(52, 56)
(52, 56)
(52, 56)
(52, 56)
(52, 56)
(52, 56)
(52, 56)
(52, 55)
(52, 55)
(52, 55)
(52, 55)
(52, 55)
(52, 55)
(52, 55)
(52, 55)
(52, 55)
(53, 55)
(53, 55)
(53, 55)
(53, 55)
(53, 55)
(53, 55)
(53, 55)
(53, 55)
(53, 54)
(53, 54)
(53, 54)
(53, 54)
(54, 54)
(54, 54)
(54, 54)
(54, 54)
(54, 54)
(54, 54)
(54, 54)
(54, 54)
(54, 54)
(54, 54)
(54, 54)
(54, 53)
(54, 53)
(54, 53)
(54, 53)
(54, 53)
(54, 53)
(54, 53)
(54, 53)
(54, 53)
(54, 53)
(55, 53)
(55, 53)
(55, 53)
(55, 53)
(55, 53)
(55, 53)
(55, 52)
(55, 52)
(55, 52)
(55, 52)
(55, 52)
(55, 52)
(55, 52)
(56, 52)
(56, 52)
(56, 52)
(56, 52)
(56, 52)
(56, 52)
(56, 52)
(56, 52)
(56, 52)
(56, 51)
(56, 51)
(56, 51)
(56, 51)
(56, 51)
(57, 51)
(57, 51)
(57, 51)
(57, 51)
(57, 51)
(57, 51)
(57, 51)
(57, 51)
(57, 51)
(57, 50)
(57, 50)
(57, 50)
(57, 50)
(57, 50)
(57, 50)
(57, 50)
(57, 50)
(58, 50)
(58, 50)
(58, 50)
(58, 50)
(58, 50)
(58, 50)
(58, 50)
(58, 50)
(58, 50)
(58, 49)
(58, 49)
(58, 49)
(58, 49)
(58, 49)
(58, 49)
(58, 49)
(58, 49)
(58, 49)
(58, 49)
(58, 49)
(59, 49)
(59, 49)
(59, 48)
(59, 48)
(59, 48)
(59, 48)
(59, 48)
(59, 48)
(59, 48)
(59, 48)
(59, 48)
(59, 48)
(59, 48)
(59, 48)
(59, 47)
(59, 47)
(59, 47)
(59, 47)
(59, 47)
(60, 47)
(60, 47)
(60, 47)
(60, 47)
(60, 47)
(60, 47)
(60, 47)
(60, 46)
(60, 46)
(60, 46)
(60, 46)
(60, 46)
(60, 46)
(60, 46)
(60, 46)
(60, 46)
(60, 46)
(60, 46)
(60, 46)
(60, 46)
(60, 46)
(60, 45)
(60, 45)
(60, 45)
(60, 45)
(60, 45)
(60, 45)
(60, 45)
(60, 45)
(60, 45)
(61, 44)
(61, 44)
(61, 44)
(61, 44)
(61, 44)
(61, 44)
(61, 44)
(61, 44)
(61, 44)
(61, 44)
(61, 44)
(61, 44)
(61, 44)
(61, 43)
(61, 43)
(61, 43)
(61, 43)
(61, 43)
(61, 43)
(61, 43)
(61, 43)
(61, 43)
(61, 43)
(62, 43)
(62, 42)
(62, 42)
(62, 42)
(62, 42)
(62, 42)
(62, 42)
(62, 42)
(62, 42)
(62, 42)
(62, 42)
(62, 42)
(62, 41)
(62, 41)
(62, 41)
(62, 41)
(62, 41)
(62, 41)
(62, 41)
(62, 40)
(62, 40)
(62, 40)
(62, 40)
(62, 40)
(62, 40)
(62, 40)
(62, 40)
(62, 39)
(62, 39)
(62, 39)
(63, 39)
(63, 39)
(63, 39)
(63, 39)
(63, 39)
(63, 39)
(63, 39)
(63, 38)
(63, 38)
(63, 38)
(63, 38)
(63, 38)
(63, 38)
(63, 38)
(63, 38)
(63, 38)
(63, 38)
(63, 38)
(63, 37)
(63, 37)
(63, 37)
(63, 37)
(63, 37)
(63, 37)
(63, 37)
(63, 37)
(63, 36)
(63, 36)
(63, 36)
(63, 36)
(63, 36)
(63, 35)
(63, 35)
(63, 35)
(63, 35)
(63, 35)
(63, 35)
(63, 34)
(63, 34)
(63, 34)
(63, 34)
(63, 34)
(63, 34)
(63, 34)
(63, 34)
(63, 34)
(63, 33)
(63, 33)
(63, 33)
(63, 33)
(63, 33)
(63, 33)
(63, 33)
(63, 33)
(63, 33)
(63, 33)
(63, 33)
(63, 33)
(63, 33)
(63, 32)
(63, 32)
(63, 32)
(63, 32)
(63, 32)
(63, 32)
(63, 32)
(63, 32)
(63, 32)
(63, 32)
(63, 32)
(63, 32)
(63, 32)
(63, 31)
(63, 31)
(63, 31)
(63, 31)
(63, 31)
(63, 31)
(63, 31)
(63, 31)
(63, 30)
(63, 30)
(63, 30)
(63, 30)
(63, 30)
(63, 30)
(63, 29)
(63, 29)
(63, 29)
(63, 29)
(63, 28)
(63, 28)
(63, 28)
(63, 28)
(63, 27)
(63, 27)
(63, 27)
(63, 27)
(63, 27)
(63, 26)
(63, 26)
(63, 26)
(63, 26)
(63, 26)
(63, 26)
(63, 26)
(63, 26)
(63, 26)
(63, 26)
(63, 26)
(63, 26)
(63, 26)
(63, 25)
(63, 25)
(63, 25)
(63, 25)
(63, 25)
(63, 25)
(63, 25)
(63, 25)
(63, 25)
(63, 25)
(63, 25)
(63, 25)
(63, 24)
(63, 24)
(63, 24)
(63, 24)
(63, 24)
(63, 24)
(63, 24)
(63, 24)
(63, 24)
(63, 24)
(63, 24)
(63, 24)
(63, 24)
(63, 24)
(63, 24)
(63, 24)
(63, 24)
(63, 24)
(63, 24)
(63, 24)
(63, 24)
(63, 24)
(63, 24)
(63, 24)
(63, 24)
(63, 24)
(63, 23)
(63, 23)
(63, 23)
(63, 23)
(63, 23)
(62, 23)
(62, 23)
(62, 23)
(62, 23)
(62, 23)
(62, 23)
(62, 23)
(62, 23)
(62, 22)
(62, 22)
(62, 22)
(62, 22)
(62, 22)
(62, 22)
(62, 22)
(62, 22)
(62, 22)
(62, 22)
(62, 22)
(62, 22)
(62, 22)
(62, 22)
(62, 22)
(62, 22)
(62, 22)
(62, 22)
(62, 21)
(62, 21)
(62, 21)
(62, 21)
(62, 21)
(62, 21)
(62, 21)
(62, 21)
(62, 20)
(62, 20)
(62, 20)
(62, 20)
(62, 20)
(62, 20)
(61, 20)
(61, 19)
(61, 19)
(61, 19)
(61, 19)
(61, 19)
(61, 19)
(61, 19)
(61, 19)
(61, 19)
(61, 19)
(61, 19)
(61, 18)
(61, 18)
(61, 18)
(61, 18)
(61, 18)
(61, 18)
(61, 18)
(61, 18)
(61, 18)
(61, 18)
(61, 18)
(61, 18)
(61, 18)
(61, 18)
(61, 17)
(61, 17)
(61, 17)
(61, 17)
(61, 17)
(61, 17)
(61, 17)
(61, 17)
(61, 17)
(61, 17)
(60, 17)
(60, 17)
(60, 17)
(60, 17)
(60, 17)
(60, 17)
(60, 16)
(60, 16)
(60, 16)
(60, 16)
(60, 16)
(60, 16)
(60, 16)
(60, 16)
(60, 16)
(59, 16)
(59, 16)
(59, 16)
(59, 16)
(59, 16)
(59, 16)
(59, 16)
(59, 15)
(59, 15)
(59, 15)
(59, 15)
(59, 15)
(59, 15)
(59, 15)
(59, 15)
(59, 15)
(59, 15)
(59, 14)
(59, 14)
(59, 14)
(59, 14)
(58, 14)
(58, 14)
(58, 14)
(58, 14)
(58, 14)
(58, 14)
(58, 14)
(58, 13)
(58, 13)
(58, 13)
(58, 13)
(58, 13)
(58, 13)
(58, 13)
(57, 13)
(57, 13)
(57, 13)
(57, 12)
(57, 12)
(57, 12)
(57, 12)
(57, 12)
(57, 12)
(57, 12)
(57, 12)
(57, 12)
(56, 11)
(56, 11)
(56, 11)
(56, 11)
(56, 11)
(56, 11)
(56, 11)
(56, 11)
(56, 11)
(56, 11)
(56, 11)
(56, 11)
(56, 11)
(56, 11)
(55, 11)
(55, 11)
(55, 10)
(55, 10)
(55, 10)
(55, 10)
(55, 10)
(55, 10)
(55, 10)
(55, 10)
(55, 10)
(55, 10)
(55, 10)
(55, 10)
(55, 10)
(55, 9)
(54, 9)
(54, 9)
(54, 9)
(54, 9)
(54, 9)
(54, 9)
(54, 9)
(54, 9)
(54, 9)
(54, 9)
(54, 9)
(54, 8)
(54, 8)
(53, 8)
(53, 8)
(53, 8)
(53, 8)
(53, 8)
(53, 8)
(53, 8)
(53, 8)
(53, 8)
(53, 8)
(53, 8)
(53, 8)
(53, 8)
(53, 8)
(53, 7)
(52, 7)
(52, 7)
(52, 7)
(52, 7)
(52, 7)
(52, 7)
(52, 7)
(52, 7)
(52, 7)
(52, 7)
(52, 7)
(52, 7)
(52, 7)
(52, 7)
(52, 7)
(52, 7)
(51, 7)
(51, 7)
(51, 7)
(51, 6)
(51, 6)
(51, 6)
(51, 6)
(51, 6)
(51, 6)
(51, 6)
(51, 6)
(51, 6)
(51, 6)
(51, 6)
(51, 6)
(51, 6)
(51, 6)
(50, 6)
(50, 6)
(50, 6)
(50, 6)
(50, 6)
(50, 6)
(50, 5)
(50, 5)
(50, 5)
(50, 5)
(50, 5)
(50, 5)
(50, 5)
(50, 5)
(49, 5)
(49, 5)
(49, 5)
(49, 5)
(49, 5)
(49, 5)
(49, 5)
(49, 5)
(49, 5)
(49, 5)
(49, 5)
(49, 5)
(49, 5)
(49, 5)
(49, 4)
(49, 4)
(49, 4)
(48, 4)
(48, 4)
(48, 4)
(48, 4)
(48, 4)
(48, 4)
(48, 4)
(48, 4)
(48, 4)
(47, 4)
(47, 4)
(47, 4)
(47, 4)
(47, 3)
(47, 3)
(47, 3)
(47, 3)
(47, 3)
(46, 3)
(46, 3)
(46, 3)
(46, 3)
(46, 3)
(46, 3)
(46, 3)
(46, 3)
(46, 3)
(46, 3)
(46, 3)
(45, 3)
(45, 3)
(45, 3)
(45, 3)
(45, 3)
(45, 2)
(45, 2)
(45, 2)
(45, 2)
(44, 2)
(44, 2)
(44, 2)
(44, 2)
(44, 2)
(44, 2)
(44, 2)
(44, 2)
(44, 2)
(44, 2)
(44, 2)
(44, 2)
(44, 2)
(44, 2)
(43, 2)
(43, 2)
(43, 2)
(43, 2)
(43, 2)
(43, 2)
(43, 2)
(43, 2)
(43, 2)
(43, 2)
(43, 2)
(43, 2)
(43, 2)
(42, 2)
(42, 1)
(42, 1)
(42, 1)
(42, 1)
(42, 1)
(42, 1)
(41, 1)
(41, 1)
(41, 1)
(41, 1)
(41, 1)
(41, 1)
(41, 1)
(41, 1)
(41, 1)
(40, 1)
(40, 1)
(40, 1)
(40, 1)
(40, 1)
(40, 1)
(40, 1)
(40, 1)
(40, 0)
(39, 0)
(39, 0)
(39, 0)
(39, 0)
(39, 0)
(39, 0)
(39, 0)
(39, 0)
(38, 0)
(38, 0)
(38, 0)
(38, 0)
(38, 0)
(37, 0)
(37, 0)
(37, 0)
(37, 0)
(37, 0)
(36, 0)
(36, 0)
(36, 0)
(36, 0)
(35, 0)
(35, 0)
(35, 0)
(34, 0)
(34, 0)
(34, 0)
(34, 0)
(33, 0)
(33, 0)
(33, 0)
(32, 0)
(32, 0)
(32, 0)
(32, 0)
(31, 0)
(31, 0)
(31, 0)
(30, 0)
(30, 0)
(30, 0)
(29, 0)
(29, 0)
(29, 0)
(29, 0)
(28, 0)
(28, 0)
(28, 0)
(28, 0)
(28, 0)
(27, 0)
(27, 0)
(27, 0)
(27, 0)
(27, 0)
(26, 0)
(26, 0)
(26, 0)
(26, 1)
(25, 1)
(25, 1)
(25, 1)
(25, 1)
(25, 1)
(25, 1)
(25, 1)
(25, 1)
(25, 1)
(25, 1)
(24, 1)
(24, 1)
(24, 1)
(24, 1)
(24, 1)
(24, 1)
(24, 1)
(24, 1)
(24, 1)
(24, 1)
(23, 1)
(23, 1)
(23, 1)
(23, 1)
(23, 1)
(22, 2)
(22, 2)
(22, 2)
(22, 2)
(22, 2)
(22, 2)
(22, 2)
(22, 2)
(21, 2)
(21, 2)
(21, 2)
(21, 2)
(21, 2)
(21, 2)
(21, 2)
(21, 2)
(21, 2)
(21, 2)
(21, 2)
(21, 2)
(20, 2)
(20, 2)
(20, 2)
(20, 2)
(20, 2)
(20, 2)
(20, 3)
(20, 3)
(20, 3)
(20, 3)
(20, 3)
(20, 3)
(20, 3)
(20, 3)
(20, 3)
(19, 3)
(19, 3)
(19, 3)
(19, 3)
(18, 4)
(18, 4)
(18, 4)
(18, 4)
(18, 4)
(18, 4)
(18, 4)
(17, 4)
(17, 4)
(17, 4)
(17, 4)
(17, 4)
(17, 4)
(17, 4)
(17, 4)
(17, 4)
(17, 4)
(17, 4)
(16, 5)
(16, 5)
(16, 5)
(16, 5)
(15, 5)
(15, 5)
(15, 5)
(15, 5)
(15, 5)
(15, 5)
(15, 5)
(15, 5)
(14, 5)
(14, 5)
(14, 5)
(14, 6)
(14, 6)
(14, 6)
(14, 6)
(14, 6)
(14, 6)
(14, 6)
(14, 6)
(13, 6)
(13, 6)
(13, 7)
(13, 7)
(13, 7)
(13, 7)
(13, 7)
(13, 7)
(13, 7)
(12, 7)
(12, 7)
(12, 7)
(12, 7)
(12, 7)
(12, 7)
(12, 8)
(12, 8)
(12, 8)
(11, 8)
(11, 8)
(11, 8)
(11, 8)
(11, 8)
(11, 9)
(11, 9)
(11, 9)
(11, 9)
(10, 9)
(10, 9)
(10, 9)
(10, 9)
(10, 9)
(10, 10)
(10, 10)
(10, 10)
(10, 10)
(9, 10)
(9, 10)
(9, 10)
(9, 10)
(9, 10)
(9, 10)
(9, 11)
(9, 11)
(9, 11)
(9, 11)
(8, 11)
(8, 11)
(8, 11)
(8, 11)
(8, 11)
(8, 11)
(8, 11)
(8, 11)
(8, 12)
(8, 12)
(8, 12)
(8, 12)
(7, 12)
(7, 12)
(7, 12)
(7, 12)
(7, 13)
(7, 13)
(7, 13)
(7, 13)
(7, 13)
(7, 13)
(7, 13)
(7, 13)
(7, 13)
(6, 13)
(6, 13)
(6, 14)
(6, 14)
(6, 14)
(6, 14)
(6, 14)
(6, 14)
(6, 14)
(6, 14)
(6, 14)
(5, 14)
(5, 15)
(5, 15)
(5, 15)
(5, 15)
(5, 15)
(5, 15)
(5, 15)
(5, 15)
(5, 15)
(5, 16)
(5, 16)
(4, 16)
(4, 16)
(4, 16)
(4, 16)
(4, 16)
(4, 17)
(4, 17)
(4, 17)
(4, 17)
(4, 17)
(4, 17)
(4, 18)
(4, 18)
(3, 18)
(3, 18)
(3, 19)
(3, 19)
(3, 19)
(3, 19)
(3, 19)
(3, 20)
(3, 20)
(3, 20)
(3, 20)
(3, 20)
(3, 20)
(2, 21)
(2, 21)
(2, 21)
(2, 21)
(2, 21)
(2, 22)
(2, 22)
(2, 22)
(2, 22)
(2, 22)
(2, 22)
(2, 23)
(2, 23)
(2, 23)
(2, 23)
(2, 23)
(2, 23)
(2, 24)
(2, 24)
(1, 24)
(1, 24)
(1, 24)
(1, 25)
(1, 25)
(1, 25)
(1, 25)
(1, 25)
(1, 25)
(1, 26)
(1, 26)
(1, 26)
(1, 26)
(1, 26)
(1, 26)
(1, 26)
(1, 27)
(1, 27)
(1, 27)
(1, 27)
(1, 28)
(1, 28)
(1, 28)
(1, 28)
(0, 28)
(0, 29)
(0, 29)
(0, 29)
(0, 29)
(0, 29)
(0, 30)
(0, 30)
(0, 30)
(0, 30)
(0, 31)
(0, 31)
(0, 31)
(0, 31)
(0, 31)
(0, 32)
(0, 32)
(0, 32)
(0, 32)
(0, 32)
(0, 33)
(0, 33)
(1, 33)
(1, 33)
(1, 34)
(1, 34)
(1, 34)
(1, 34)
(1, 34)
(1, 34)
(1, 34)
(1, 35)
(1, 35)
(1, 35)
(1, 35)
(1, 35)
(1, 36)
(1, 36)
(1, 36)
(1, 36)
(1, 37)
(1, 37)
(1, 37)
(1, 37)
(1, 37)
(1, 37)
(2, 38)
(2, 38)
(2, 38)
(2, 38)
(2, 38)
(2, 39)
(2, 39)
(2, 39)
(2, 39)
(2, 39)
(2, 39)
(2, 39)
(2, 40)
(2, 40)
(2, 40)
(3, 40)
(3, 40)
(3, 40)
(3, 41)
(3, 41)
(3, 41)
(3, 41)
(3, 41)
(3, 41)
(3, 42)
(3, 42)
(3, 42)
(3, 42)
(3, 42)
(3, 43)
(3, 43)
(3, 43)
(4, 43)
(4, 43)
(4, 44)
(4, 44)
(4, 44)
(4, 44)
(4, 44)
(4, 45)
(4, 45)
(5, 45)
(5, 45)
(5, 46)
(5, 46)
(5, 46)
(5, 46)
(5, 46)
(6, 47)
(6, 47)
(6, 47)
(6, 47)
(6, 48)
(6, 48)
(7, 48)
(7, 49)
(7, 49)
(7, 49)
(7, 50)
(8, 50)
(8, 50)
(8, 51)
(8, 51)
(8, 51)
(9, 51)
(9, 52)
(9, 52)
(10, 52)
(10, 53)
(10, 53)
(10, 53)
(11, 53)
(11, 53)
(11, 54)
(11, 54)
(11, 54)
(12, 54)
(12, 55)
(12, 55)
(12, 55)
(12, 55)
(12, 55)
(13, 55)
(13, 55)
(13, 56)
(14, 56)
(14, 56)
(14, 56)
(14, 56)
(15, 57)
(15, 57)
(15, 57)
(16, 57)
(16, 57)
(16, 57)
(16, 58)
(17, 58)
(17, 58)
(17, 58)
(17, 58)
(17, 58)
(18, 58)
(18, 59)
(18, 59)
(18, 59)
(19, 59)
(19, 59)
(19, 59)
(19, 59)
(20, 59)
(20, 60)
(20, 60)
(20, 60)
(20, 60)
(20, 60)
(21, 60)
(21, 60)
(21, 60)
(21, 60)
(21, 61)
(22, 61)
(22, 61)
(22, 61)
(22, 61)
(22, 61)
(23, 61)
(23, 61)
(23, 61)
(23, 61)
(23, 61)
(23, 61)
(23, 61)
(23, 61)
(23, 61)
(23, 61)
(23, 61)
(23, 62)
(23, 62)
(23, 62)
(23, 62)
(24, 62)
(24, 62)
(24, 62)
(24, 62)
(24, 62)
(25, 62)
(25, 62)
(25, 62)
(25, 62)
(25, 62)
(25, 62)
(25, 62)
(25, 62)
(25, 62)
(25, 62)
(25, 62)
(25, 62)
(25, 62)
(25, 62)
(25, 62)
(26, 62)
(26, 62)
(26, 62)
(26, 62)
(26, 62)
(26, 62)
(26, 62)
(26, 62)
(26, 62)
(26, 62)
(27, 62)
(27, 62)
(27, 62)
(27, 62)
(27, 62)
(27, 62)
(27, 62)
(27, 62)
(27, 62)
(27, 62)
(27, 62)
(27, 62)
(27, 62)
(28, 62)
(28, 62)
(28, 62)
(28, 62)
(28, 62)
(28, 62)
(28, 62)
(28, 62)
(28, 62)
(28, 62)
(28, 62)
(28, 62)
(28, 62)
(27, 62)
(27, 62)
(27, 62)
(27, 61)
(27, 61)
(27, 61)
(27, 61)
(27, 61)
(27, 61)
(27, 60)
(27, 60)
(27, 60)
(27, 60)
(27, 60)
(27, 59)
(27, 59)
(27, 59)
(27, 59)
(27, 59)
(27, 59)
(27, 59)
(27, 58)
(27, 58)
(27, 58)
(27, 58)
(27, 58)
(27, 58)
(27, 57)
(27, 57)
(27, 57)
(27, 56)
(27, 56)
(27, 56)
(27, 55)
(27, 55)
(27, 55)
(27, 54)
(27, 54)
(27, 54)
(27, 54)
(27, 53)
(27, 53)
(27, 53)
(27, 53)
(27, 53)
(27, 52)
(27, 52)
(27, 52)
(27, 51)
(27, 51)
(27, 51)
(27, 51)
(27, 50)
(27, 50)
(27, 50)
(27, 50)
(27, 50)
(27, 49)
(27, 49)
(27, 49)
(27, 49)
(27, 49)
(27, 49)
(27, 49)
(27, 49)
(27, 49)
(27, 49)
(27, 49)
(27, 49)
(27, 49)
(27, 49)
(26, 49)
(26, 49)
(26, 48)
(26, 48)
(26, 48)
(26, 48)
(26, 48)
(26, 48)
(26, 48)
(26, 48)
(25, 47)
(25, 47)
(25, 47)
(25, 47)
(25, 47)
(25, 47)
(25, 47)
(25, 47)
(25, 47)
(25, 47)
(25, 47)
(25, 47)
(25, 47)
(24, 47)
(24, 47)
(24, 47)
(24, 47)
(24, 47)
(24, 47)
(24, 47)
(24, 47)
(24, 47)
(24, 47)
(24, 46)
(24, 46)
(24, 46)
(24, 46)
(23, 46)
(23, 46)
(23, 46)
(23, 46)
(23, 46)
(23, 46)
(23, 46)
(23, 46)
(23, 46)
(23, 46)
(23, 46)
(23, 46)
(23, 46)
(23, 46)
(22, 46)
(22, 46)
(22, 46)
(22, 45)
(22, 45)
(22, 45)
(22, 45)
(22, 45)
(22, 45)
(22, 45)
(21, 45)
(21, 45)
(21, 45)
(21, 45)
(21, 45)
(21, 45)
(21, 45)
(20, 45)
(20, 45)
(20, 44)
(20, 44)
(20, 44)
(20, 44)
(20, 44)
(20, 44)
(20, 44)
(20, 44)
(20, 44)
(20, 44)
(20, 44)
(20, 44)
(20, 44)
(20, 44)
(20, 44)
(20, 44)
(20, 44)
(20, 44)
(20, 43)
(20, 43)
(20, 43)
(19, 43)
(19, 43)
(19, 42)
(19, 42)
(19, 42)
(19, 42)
(19, 42)
(19, 42)
(19, 42)
(19, 42)
(19, 42)
(19, 42)
(19, 42)
(19, 42)
(19, 42)
(19, 42)
(19, 42)
(19, 42)
(19, 42)
(19, 42)
(19, 41)
(18, 41)
(18, 41)
(18, 41)
(18, 41)
(18, 41)
(18, 41)
(18, 41)
(18, 41)
(18, 41)
(18, 41)
(18, 41)
(18, 41)
(18, 41)
(18, 41)
(18, 41)
(18, 41)
(18, 41)
(18, 41)
(18, 41)
(18, 41)
(17, 41)
(17, 41)
(17, 41)
(17, 41)
(17, 41)
(17, 41)
(17, 41)
(16, 41)
(16, 41)
(16, 41)
(15, 41)
(15, 41)
(15, 41)
(15, 41)
(15, 41)
(15, 41)
(15, 42)
(15, 42)
(15, 42)
(15, 42)
(15, 42)
(15, 42)
(15, 42)
(15, 42)
(15, 42)
(15, 42)
(15, 43)
(15, 43)
(14, 43)
(14, 43)
(14, 43)
(14, 43)
(14, 43)
(14, 43)
(14, 43)
(14, 44)
(14, 44)
(14, 44)
(14, 44)
(14, 44)
(14, 44)
(14, 44)
(14, 44)
(14, 44)
(14, 45)
(14, 45)
(14, 45)
(14, 45)
(14, 45)
(14, 45)
(14, 45)
(15, 45)
(15, 45)
(15, 45)
(15, 45)
(15, 45)
(15, 45)
(15, 46)
(15, 46)
(15, 46)
(15, 46)
(15, 46)
(15, 46)
(15, 46)
(15, 46)
(15, 46)
(15, 46)
(15, 46)
(15, 46)
(15, 46)
(15, 46)
(16, 46)
(16, 46)
(16, 46)
(16, 46)
(16, 46)
(16, 46)
(16, 46)
(16, 46)
(16, 46)
(16, 46)
(16, 46)
(16, 46)
(17, 46)
(17, 46)
(17, 46)
(17, 46)
(17, 46)
(17, 46)
(17, 46)
(17, 46)
(18, 46)
(18, 46)
(18, 46)
(18, 46)
(18, 46)
(18, 45)
(18, 45)
(18, 45)
(18, 45)
(18, 45)
(18, 45)
(18, 45)
(18, 45)
(19, 45)
(19, 45)
(19, 45)
(19, 45)
(19, 45)
(19, 45)
(19, 45)
(19, 45)
(19, 45)
(19, 45)
(20, 45)
(20, 45)
(20, 45)
(20, 45)
(20, 45)
(21, 45)
(21, 45)
(21, 45)
(21, 45)
(21, 45)
(21, 45)
(21, 45)
(21, 45)
(21, 45)
(21, 45)
(21, 45)
(21, 45)
(21, 45)
(21, 45)
(21, 45)
(21, 45)
(21, 45)
(22, 45)
(22, 45)
(22, 45)
(22, 45)
(23, 45)
(23, 45)
(23, 45)
(23, 45)
(23, 45)
(23, 45)
(23, 46)
(23, 46)
(23, 46)
(23, 46)
(23, 46)
(23, 46)
(23, 46)
(23, 46)
(23, 46)
(23, 46)
(23, 46)
(23, 46)
(23, 46)
(23, 46)
(23, 46)
(23, 46)
(23, 46)
(23, 46)
(24, 46)
(24, 46)
(24, 46)
(24, 46)
(24, 46)
(24, 46)
(24, 46)
(24, 47)
(25, 47)
(25, 47)
(25, 47)
(25, 47)
(25, 47)
(25, 47)
(25, 47)
(25, 47)
(25, 47)
(25, 47)
(25, 47)
(25, 47)
(25, 47)
(26, 47)
(26, 48)
(26, 48)
(26, 48)
(26, 48)
(26, 48)
(26, 48)
(26, 48)
(26, 48)
(26, 48)
(26, 49)
(26, 49)
(27, 49)
(27, 49)
(27, 49)
(27, 49)
(27, 49)
(27, 49)
(27, 50)
(27, 50)
(27, 50)
(27, 50)
(27, 50)
(27, 50)
(27, 50)
(27, 50)
(27, 50)
(27, 51)
(27, 51)
(27, 51)
(27, 51)
(27, 51)
(27, 52)
(27, 52)
(27, 52)
(27, 52)
(27, 52)
(27, 53)
(27, 53)
(27, 53)
(27, 53)
(27, 53)
(27, 53)
(27, 53)
(27, 54)
(27, 54)
(27, 54)
(27, 54)
(27, 54)
(27, 55)
(27, 55)
(27, 55)
(27, 55)
(27, 56)
(27, 56)
(27, 56)
(27, 56)
(27, 56)
(27, 56)
(27, 56)
(27, 56)
(27, 57)
(27, 57)
(27, 57)
(27, 57)
(27, 58)
(27, 58)
(27, 58)
(27, 58)
(27, 58)
(27, 59)
(27, 59)
(27, 59)
(27, 59)
(27, 59)
(27, 59)
(27, 59)
(27, 59)
(27, 60)
(27, 60)
(27, 60)
(27, 60)
(27, 60)
(27, 60)
(27, 60)
(27, 60)
(27, 60)
(27, 60)
(27, 60)
(27, 60)
(27, 60)
(27, 60)
(27, 60)
(27, 60)
(27, 60)
(27, 60)
(27, 61)
(27, 61)
(27, 61)
(27, 61)
(27, 61)
(27, 61)
(28, 61)
(28, 61)
(28, 61)
(28, 61)
(28, 61)
(28, 61)
(28, 61)
(28, 61)
(28, 61)
(28, 61)
(28, 61)
(29, 61)
(29, 61)
(29, 61)
(29, 61)
(29, 61)
(29, 61)
(29, 61)
(29, 61)
(29, 61)
(29, 61)
(29, 61)
(29, 61)
(30, 61)
(30, 61)
(30, 61)
(30, 61)
(30, 61)
(30, 61)
(30, 61)
(30, 61)
(30, 61)
(31, 61)
(31, 61)
(31, 61)
(31, 61)
(31, 61)
(31, 61)
(31, 61)
(31, 61)
(31, 61)
(32, 60)
(32, 60)
(32, 60)
(32, 60)
(32, 60)
(32, 60)
(32, 60)
(32, 60)
(32, 60)
(32, 59)
(32, 59)
(32, 59)
(32, 59)
(32, 59)
(32, 58)
(32, 58)
(32, 58)
(32, 58)
(32, 58)
(32, 57)
(32, 57)
(32, 57)
(32, 57)
(32, 57)
(32, 57)
(32, 56)
(32, 56)
(32, 56)
(32, 56)
(32, 56)
(33, 56)
(33, 56)
(33, 56)
(33, 55)
(33, 55)
(33, 55)
(33, 55)
(33, 55)
(33, 55)
(33, 55)
(33, 54)
(33, 54)
(33, 54)
(33, 54)
(33, 54)
(33, 54)
(33, 54)
(33, 53)
(33, 53)
(33, 53)
(34, 53)
(34, 53)
(34, 53)
(34, 53)
(34, 53)
(34, 53)
(34, 52)
(35, 52)
(35, 52)
(35, 52)
(35, 52)
(35, 52)
(35, 52)
(35, 52)
(36, 52)
(36, 52)
(36, 52)
(36, 52)
(36, 52)
(36, 52)
(37, 51)
(37, 51)
(37, 51)
(37, 51)
(37, 51)
(37, 51)
(38, 51)
(38, 51)
(38, 51)
(38, 51)
(38, 51)
(39, 51)
(39, 50)
(39, 50)
(39, 50)
(40, 50)
(40, 50)
(40, 50)
(40, 50)
(40, 50)
(40, 50)
(41, 50)
(41, 50)
(41, 50)
(41, 50)
(41, 49)
(41, 49)
(42, 49)
(42, 49)
(42, 49)
(42, 49)
(42, 49)
(43, 49)
(43, 49)
(43, 49)
(43, 49)
(43, 48)
(44, 48)
(44, 48)
(44, 48)
(44, 48)
(44, 48)
(44, 48)
(45, 48)
(45, 48)
(45, 48)
(45, 48)
(45, 48)
(45, 48)
(45, 48)
(45, 48)
(45, 47)
(45, 47)
(46, 47)
(46, 47)
(46, 47)
(46, 47)
(46, 47)
(46, 47)
(46, 47)
(46, 47)
(46, 47)
(46, 47)
(46, 47)
(47, 47)
(47, 47)
(47, 47)
(47, 46)
(47, 46)
(47, 46)
(47, 46)
(47, 46)
(47, 46)
(47, 46)
(47, 46)
(47, 46)
(47, 46)
(47, 46)
(47, 46)
(47, 45)
(47, 45)
(47, 45)
(47, 45)
(47, 45)
(47, 45)
(47, 45)
(47, 45)
(47, 44)
(47, 44)
(47, 44)
(47, 44)
(47, 44)
(47, 44)
(47, 44)
(47, 44)
(47, 44)
(47, 44)
(46, 43)
(46, 43)
(46, 43)
(46, 43)
(46, 43)
(46, 43)
(46, 43)
(46, 43)
(46, 43)
(46, 43)
(46, 42)
(46, 42)
(45, 42)
(45, 42)
(45, 42)
(45, 42)
(45, 42)
(45, 42)
(45, 42)
(45, 42)
(45, 42)
(45, 41)
(45, 41)
(45, 41)
(45, 41)
(45, 41)
(44, 41)
(44, 41)
(44, 41)
(44, 41)
(44, 40)
(44, 40)
(44, 40)
(44, 40)
(44, 40)
(44, 40)
(44, 40)
(44, 40)
(45, 39)
(45, 39)
(45, 39)
(45, 39)
(45, 39)
(45, 39)
(45, 39)
(45, 39)
(45, 39)
(45, 38)
(46, 38)
(46, 38)
(46, 38)
(46, 38)
(46, 38)
(46, 38)
(46, 38)
(46, 38)
(46, 38)
(47, 38)
(47, 38)
(47, 38)
(47, 38)
(47, 38)
(47, 38)
(47, 38)
(47, 38)
(47, 38)
(47, 38)
(48, 39)
(48, 39)
(48, 39)
(48, 39)
(48, 39)
(48, 39)
(48, 39)
(48, 39)
(48, 39)
(48, 39)
(48, 39)
(48, 39)
(48, 39)
(49, 39)
(49, 40)
(49, 40)
(49, 40)
(49, 40)
(49, 40)
(49, 40)
(49, 40)
(49, 40)
(49, 40)
(49, 40)
(49, 40)
(49, 41)
(49, 41)
(49, 41)
(49, 41)
(49, 41)
(49, 41)
(49, 41)
(49, 41)
(49, 41)
(48, 41)
(48, 42)
(48, 42)
(48, 42)
(48, 42)
(48, 42)
(48, 42)
(48, 42)
(48, 42)
(48, 42)
(48, 43)
(48, 43)
(47, 43)
(47, 43)
(47, 43)
(47, 43)
(47, 43)
(47, 43)
(47, 44)
(47, 44)
(47, 44)
(47, 44)
(47, 44)
(47, 44)
(47, 44)
(47, 44)
(47, 45)
(47, 45)
(47, 45)
(47, 45)
(47, 45)
(46, 46)
(46, 46)
(46, 46)
(46, 46)
(46, 46)
(46, 46)
(46, 46)
(46, 46)
(46, 46)
(46, 47)
(46, 47)
(46, 47)
(46, 47)
(45, 47)
(45, 47)
(45, 47)
(45, 47)
(45, 47)
(45, 47)
(45, 47)
(45, 47)
(44, 47)
(44, 48)
(44, 48)
(44, 48)
(44, 48)
(44, 48)
(44, 48)
(43, 48)
(43, 48)
(43, 48)
(43, 48)
(43, 48)
(42, 48)
(42, 48)
(42, 48)
(42, 49)
(42, 49)
(41, 49)
(41, 49)
(41, 49)
(41, 49)
(41, 49)
(41, 49)
(40, 50)
(40, 50)
(40, 50)
(40, 50)
(40, 50)
(40, 50)
(39, 50)
(39, 50)
(39, 50)
(39, 50)
(39, 50)
(39, 50)
(38, 51)
(38, 51)
(38, 51)
(38, 51)
(38, 51)
(38, 51)
(38, 51)
(38, 51)
(38, 51)
(37, 51)
(37, 51)
(37, 51)
(37, 51)
(37, 51)
(37, 52)
(36, 52)
(36, 52)
(36, 52)
(36, 52)
(35, 52)
(35, 52)
(35, 52)
(35, 52)
(35, 52)
(34, 53)
(34, 53)
(34, 53)
(34, 53)
(34, 53)
(34, 53)
(34, 53)
(33, 53)
(33, 53)
(33, 54)
(33, 54)
(33, 54)
(33, 54)
(33, 54)
(33, 54)
(33, 54)
(33, 54)
(33, 54)
(33, 54)
(33, 54)
(32, 54)
(32, 54)
(32, 54)
(32, 54)
(32, 54)
(32, 54)
(32, 55)
(32, 55)
(32, 55)
(32, 55)
(32, 55)
(32, 55)
(32, 55)
(32, 55)
(32, 55)
(32, 55)
(32, 54)
(32, 54)
(32, 54)
(32, 54)
(32, 53)
(32, 53)
(33, 53)
(33, 52)
(33, 52)
(33, 52)
(33, 52)
(33, 51)
(33, 51)
(33, 51)
(33, 51)
(33, 50)
(33, 50)
(33, 50)
(33, 50)
(33, 50)
(33, 50)
(33, 50)
(32, 50)
(32, 49)
(32, 49)
(32, 49)
(32, 49)
(32, 49)
(32, 49)
(32, 49)
(32, 49)
(32, 49)
(32, 48)
(32, 48)
(32, 48)
(32, 48)
(32, 48)
(32, 48)
(32, 48)
(32, 47)
(32, 47)
(32, 47)
(32, 47)
(32, 47)
(32, 47)
(32, 46)
(32, 46)
(32, 46)
(32, 46)
(33, 46)
(33, 46)
(33, 46)
(33, 46)
(33, 46)
(33, 46)
(34, 46)
(34, 46)
(34, 46)
(34, 46)
(34, 46)
(34, 45)
(35, 45)
(35, 45)
(35, 45)
(35, 45)
(35, 45)
(36, 45)
(36, 45)
(36, 45)
(36, 45)
(36, 45)
(36, 45)
(36, 44)
(37, 44)
(37, 44)
(37, 44)
(37, 44)
(37, 44)
(37, 44)
(37, 44)
(38, 44)
(38, 44)
(38, 44)
(38, 44)
(38, 44)
(38, 43)
(38, 43)
(38, 43)
(38, 43)
(38, 43)
(38, 43)
(38, 43)
(38, 43)
(38, 42)
(39, 42)
(39, 42)
(39, 42)
(39, 42)
(39, 42)
(39, 41)
(39, 41)
(39, 41)
(39, 41)
(39, 41)
(39, 40)
(39, 40)
(39, 40)
(39, 40)
(39, 39)
(39, 39)
(39, 39)
(39, 39)
(39, 39)
(39, 39)
(39, 38)
(39, 38)
(39, 38)
(39, 38)
(39, 38)
(39, 37)
(39, 37)
(39, 37)
(39, 37)
(39, 36)
(39, 36)
(39, 36)
(39, 36)
(39, 35)
(39, 35)
(39, 35)
(39, 35)
(39, 35)
(40, 34)
(40, 34)
(40, 34)
(40, 34)
(40, 34)
(40, 33)
(40, 33)
(41, 33)
(41, 33)
(41, 33)
(41, 33)
(42, 32)
(42, 32)
(42, 32)
(42, 32)
(43, 32)
(43, 32)
(43, 31)
(44, 31)
(44, 31)
(44, 31)
(44, 31)
(44, 31)
(45, 31)
(45, 31)
(45, 31)
(45, 31)
(45, 31)
(46, 31)
(46, 30)
(46, 30)
(46, 30)
(46, 30)
(46, 30)
(47, 30)
(47, 30)
(47, 30)
(47, 30)
(47, 30)
(48, 29)
(48, 29)
(48, 29)
(48, 29)
(48, 29)
(48, 29)
(48, 29)
(48, 29)
(48, 29)
(48, 28)
(48, 28)
(49, 28)
(49, 28)
(49, 28)
(49, 28)
(49, 28)
(49, 28)
(49, 28)
(49, 28)
(49, 28)
(49, 27)
(49, 27)
(49, 27)
(49, 27)
(49, 27)
(49, 27)
(49, 27)
(49, 26)
(49, 26)
(49, 26)
(49, 26)
(49, 26)
(49, 26)
(49, 26)
(49, 26)
(49, 26)
(49, 26)
(48, 25)
(48, 25)
(48, 25)
(48, 25)
(48, 25)
(48, 25)
(48, 25)
(48, 25)
(48, 25)
(48, 25)
(48, 24)
(48, 24)
(48, 24)
(48, 24)
(48, 24)
(48, 24)
(48, 24)
(48, 24)
(48, 24)
(48, 23)
(48, 23)
(48, 23)
(48, 23)
(48, 23)
(48, 23)
(48, 23)
(48, 23)
(48, 23)
(48, 23)
(48, 22)
(48, 22)
(48, 22)
(49, 22)
(49, 22)
(49, 22)
(49, 22)
(49, 22)
(50, 21)
(50, 21)
(50, 21)
(50, 21)
(50, 21)
(50, 21)
(50, 22)
(51, 22)
(51, 22)
(51, 22)
(51, 22)
(51, 22)
(52, 22)
(52, 22)
(52, 22)
(52, 23)
(52, 23)
(52, 23)
(52, 23)
(52, 23)
(52, 23)
(52, 23)
(51, 24)
(51, 24)
(51, 24)
(51, 24)
(51, 24)
(51, 25)
(50, 25)
(50, 25)
(50, 25)
(50, 25)
(50, 25)
(50, 25)
(50, 25)
(50, 25)
(49, 25)
(49, 26)
(49, 26)
(49, 26)
(49, 26)
(49, 26)
(49, 26)
(49, 27)
(49, 27)
(49, 27)
(49, 27)
(49, 27)
(49, 28)
(49, 28)
(49, 28)
(49, 28)
(49, 28)
(49, 29)
(49, 29)
(48, 29)
(48, 29)
(48, 29)
(48, 29)
(48, 30)
(48, 30)
(47, 30)
(47, 30)
(47, 30)
(47, 30)
(47, 30)
(46, 30)
(46, 31)
(46, 31)
(46, 31)
(45, 31)
(45, 31)
(45, 31)
(45, 31)
(44, 31)
(44, 31)
(44, 31)
(44, 31)
(44, 32)
(43, 32)
(43, 32)
(43, 32)
(42, 32)
(42, 32)
(42, 33)
(42, 33)
(41, 33)
(41, 33)
(41, 33)
(41, 34)
(41, 34)
(40, 34)
(40, 34)
(40, 34)
(40, 34)
(39, 35)
(39, 35)
(39, 35)
(39, 35)
(39, 35)
(39, 35)
(39, 35)
(39, 35)
(39, 35)
(39, 35)
(39, 35)
(39, 36)
(39, 36)
(39, 36)
(39, 36)
(39, 36)
(38, 36)
(38, 36)
(38, 36)
(38, 37)
(38, 37)
(38, 37)
(38, 37)
(38, 37)
(38, 37)
(38, 37)
(38, 37)
(38, 37)
(38, 38)
(38, 38)
(38, 38)
(38, 39)
(38, 39)
(38, 39)
(38, 39)
(38, 40)
(38, 40)
(38, 40)
(38, 40)
(38, 41)
(38, 41)
(38, 41)
(38, 41)
(38, 42)
(38, 42)
(38, 42)
(38, 42)
(38, 42)
(38, 43)
(37, 43)
(37, 43)
(37, 43)
(37, 43)
(37, 44)
(37, 44)
(37, 44)
(37, 44)
(36, 44)
(36, 44)
(36, 45)
(36, 45)
(36, 45)
(35, 45)
(35, 46)
(35, 46)
(35, 46)
(34, 46)
(34, 46)
(34, 46)
(34, 46)
(33, 46)
(33, 46)
(33, 46)
(33, 46)
(33, 46)
(33, 46)
(32, 46)
(32, 46)
(32, 46)
(32, 46)
(32, 46)
(32, 46)
(32, 45)
(32, 45)
(32, 45)
(32, 45)
(32, 45)
(32, 44)
(32, 44)
(32, 44)
(32, 44)
(32, 44)
(32, 44)
(32, 44)
(32, 43)
(32, 43)
(32, 43)
(32, 43)
(32, 42)
(32, 42)
(32, 42)
(32, 42)
(32, 42)
(32, 42)
(32, 41)
(32, 41)
(32, 41)
(32, 41)
(32, 41)
(32, 41)
(32, 41)
(32, 41)
(32, 41)
(32, 41)
(31, 41)
(31, 41)
(31, 41)
(30, 41)
(30, 41)
(30, 41)
(30, 41)
(30, 40)
(30, 40)
(30, 40)
(30, 40)
(29, 40)
(29, 40)
(29, 40)
(29, 40)
(29, 40)
(29, 40)
(29, 40)
(28, 40)
(28, 40)
(28, 40)
(28, 39)
(28, 39)
(27, 39)
(27, 39)
(27, 39)
(27, 39)
(27, 39)
(27, 39)
(27, 39)
(26, 39)
(26, 39)
(26, 38)
(26, 38)
(25, 38)
(25, 38)
(25, 38)
(25, 38)
(25, 38)
(25, 38)
(24, 38)
(24, 38)
(24, 37)
(24, 37)
(24, 37)
(24, 37)
(24, 37)
(23, 37)
(23, 37)
(23, 37)
(23, 37)
(23, 37)
(22, 37)
(22, 36)
(22, 36)
(22, 36)
(22, 36)
(22, 36)
(22, 36)
(21, 36)
(21, 36)
(21, 36)
(21, 36)
(21, 36)
(21, 36)
(21, 35)
(20, 35)
(20, 35)
(20, 35)
(20, 35)
(20, 35)
(20, 35)
(20, 35)
(20, 35)
(20, 35)
(20, 35)
(20, 34)
(20, 34)
(20, 34)
(20, 34)
(20, 33)
(20, 33)
(20, 33)
(20, 33)
(20, 33)
(20, 33)
(20, 33)
(20, 33)
(20, 32)
(20, 32)
(20, 32)
(20, 32)
(20, 32)
(20, 32)
(19, 31)
(19, 31)
(19, 31)
(19, 31)
(19, 31)
(19, 30)
(18, 30)
(18, 30)
(18, 30)
(18, 30)
(18, 30)
(18, 30)
(18, 29)
(18, 29)
(17, 29)
(17, 29)
(17, 29)
(17, 29)
(17, 29)
(17, 29)
(16, 29)
(16, 28)
(16, 28)
(16, 28)
(16, 28)
(15, 28)
(15, 28)
(15, 27)
(15, 27)
(15, 27)
(15, 27)
(15, 26)
(15, 26)
(15, 26)
(15, 26)
(15, 26)
(15, 26)
(15, 25)
(15, 25)
(15, 25)
(14, 25)
(14, 25)
(14, 25)
(14, 25)
(14, 25)
(14, 25)
(13, 25)
(13, 25)
(13, 25)
(13, 24)
(13, 24)
(12, 24)
(12, 24)
(12, 24)
(12, 24)
(12, 24)
(12, 24)
(12, 24)
(11, 25)
(11, 25)
(11, 25)
(11, 25)
(11, 25)
(11, 25)
(11, 25)
(11, 25)
(11, 25)
(11, 26)
(11, 26)
(11, 26)
(10, 26)
(10, 26)
(10, 26)
(10, 26)
(10, 26)
(10, 26)
(10, 27)
(10, 27)
(10, 27)
(10, 27)
(10, 27)
(10, 27)
(10, 27)
(10, 28)
(10, 28)
(10, 28)
(10, 28)
(10, 28)
(10, 29)
(10, 29)
(10, 29)
(11, 29)
(11, 29)
(11, 29)
(11, 29)
(11, 29)
(11, 29)
(11, 29)
(11, 30)
(11, 30)
(11, 30)
(12, 30)
(12, 30)
(12, 30)
(12, 30)
(12, 30)
(12, 29)
(13, 29)
(13, 29)
(13, 29)
(13, 29)
(13, 29)
(13, 29)
(14, 29)
(14, 29)
(14, 29)
(14, 29)
(14, 29)
(14, 29)
(14, 28)
(15, 28)
(15, 28)
(15, 28)
(15, 28)
(15, 28)
(15, 28)
(16, 29)
(16, 29)
(16, 29)
(16, 29)
(16, 29)
(16, 29)
(16, 29)
(16, 29)
(17, 29)
(17, 29)
(17, 29)
(17, 29)
(17, 30)
(18, 30)
(18, 30)
(18, 30)
(18, 30)
(18, 30)
(18, 30)
(18, 30)
(18, 31)
(18, 31)
(19, 31)
(19, 31)
(19, 31)
(19, 31)
(19, 31)
(19, 31)
(19, 31)
(19, 31)
(19, 32)
(19, 32)
(19, 32)
(19, 32)
(19, 32)
(19, 32)
(19, 32)
(20, 32)
(20, 33)
(20, 33)
(20, 33)
(20, 33)
(20, 33)
(20, 33)
(20, 34)
(20, 34)
(20, 34)
(20, 34)
(20, 34)
(20, 34)
(20, 34)
(20, 35)
(20, 35)
(20, 35)
(20, 35)
(20, 35)
(20, 35)
(20, 35)
(21, 36)
(21, 36)
(21, 36)
(21, 36)
(21, 36)
(22, 37)
(22, 37)
(22, 37)
(22, 37)
(22, 37)
(23, 37)
(23, 37)
(23, 37)
(24, 38)
(24, 38)
(24, 38)
(24, 38)
(25, 38)
(25, 38)
(25, 38)
(25, 38)
(26, 38)
(26, 39)
(26, 39)
(27, 39)
(27, 39)
(27, 39)
(27, 39)
(28, 39)
(28, 40)
(28, 40)
(28, 40)
(29, 40)
(29, 40)
(29, 40)
(29, 40)
(30, 41)
(30, 41)
(30, 41)
(30, 41)
(31, 41)
(31, 41)
(31, 41)
(31, 41)
(31, 41)
(31, 41)
(32, 41)
(32, 41)
(32, 41)
(32, 41)
(32, 41)
(32, 41)
(32, 41)
(32, 41)
(32, 40)
(32, 40)
(32, 40)
(33, 40)
(33, 40)
(33, 40)
(33, 40)
(33, 40)
(33, 39)
(33, 39)
(33, 39)
(33, 39)
(33, 39)
(33, 39)
(33, 39)
(33, 39)
(33, 39)
(33, 38)
(33, 38)
(33, 38)
(33, 38)
(33, 38)
(33, 38)
(32, 38)
(32, 38)
(32, 38)
(32, 38)
(32, 37)
(32, 37)
(32, 37)
(32, 37)
(32, 37)
(32, 36)
(32, 36)
(32, 36)
(32, 36)
(32, 36)
(32, 36)
(32, 36)
(32, 35)
(32, 35)
(32, 35)
(32, 35)
(32, 34)
(32, 34)
(32, 34)
(32, 34)
(32, 34)
(32, 33)
(32, 33)
(32, 33)
(32, 33)
(32, 33)
(32, 32)
(32, 32)
(31, 32)
(31, 32)
(31, 32)
(31, 32)
(31, 32)
(31, 32)
(31, 32)
(30, 31)
(30, 31)
(30, 31)
(30, 31)
(30, 31)
(30, 31)
(30, 31)
(29, 31)
(29, 30)
(29, 30)
(29, 30)
(28, 30)
(28, 30)
(28, 29)
(28, 29)
(28, 29)
(27, 29)
(27, 29)
(27, 29)
(27, 29)
(27, 28)
(26, 28)
(26, 28)
(26, 28)
(26, 28)
(26, 28)
(26, 28)
(26, 28)
(25, 27)
(25, 27)
(25, 27)
(25, 27)
(25, 26)
(25, 26)
(25, 26)
(25, 26)
(25, 26)
(25, 25)
(25, 25)
(25, 25)
(25, 25)
(25, 25)
(25, 24)
(25, 24)
(25, 24)
(25, 24)
(25, 23)
(25, 23)
(25, 23)
(25, 23)
(25, 23)
(25, 22)
(25, 22)
(25, 22)
(25, 22)
(25, 22)
(25, 21)
(25, 21)
(25, 21)
(25, 21)
(25, 21)
(25, 21)
(25, 20)
(25, 20)
(25, 20)
(25, 20)
(24, 20)
(24, 19)
(24, 19)
(24, 19)
(24, 19)
(24, 19)
(24, 19)
(23, 19)
(23, 18)
(23, 18)
(23, 18)
(23, 18)
(23, 18)
(23, 18)
(23, 17)
(23, 17)
(23, 17)
(23, 17)
(23, 17)
(23, 17)
(23, 17)
(23, 16)
(23, 16)
(23, 16)
(22, 16)
(22, 16)
(22, 15)
(22, 15)
(22, 15)
(22, 15)
(22, 14)
(22, 14)
(22, 14)
(22, 14)
(22, 14)
(22, 14)
(22, 14)
(21, 14)
(21, 14)
(21, 14)
(21, 14)
(21, 13)
(21, 13)
(21, 13)
(21, 13)
(20, 13)
(20, 13)
(20, 13)
(20, 13)
(20, 13)
(20, 13)
(20, 13)
(20, 13)
(20, 13)
(20, 13)
(20, 13)
(19, 13)
(19, 13)
(19, 13)
(19, 13)
(19, 13)
(19, 13)
(19, 13)
(19, 13)
(19, 14)
(18, 14)
(18, 14)
(18, 14)
(18, 14)
(18, 14)
(18, 14)
(18, 14)
(18, 14)
(18, 14)
(17, 15)
(17, 15)
(17, 15)
(17, 15)
(17, 15)
(17, 15)
(17, 16)
(17, 16)
(17, 16)
(17, 16)
(17, 16)
(17, 17)
(17, 17)
(17, 17)
(17, 17)
(17, 17)
(17, 17)
(17, 18)
(17, 18)
(18, 18)
(18, 18)
(18, 18)
(18, 18)
(18, 18)
(18, 18)
(19, 18)
(19, 18)
(19, 18)
(19, 19)
(19, 19)
(19, 19)
(19, 19)
(19, 19)
(19, 19)
(19, 19)
(20, 19)
(20, 19)
(20, 19)
(20, 19)
(20, 19)
(20, 19)
(20, 19)
(20, 19)
(21, 19)
(21, 19)
(21, 19)
(21, 19)
(21, 19)
(21, 19)
(22, 19)
(22, 19)
(22, 19)
(22, 19)
(22, 19)
(22, 19)
(22, 19)
(23, 19)
(23, 19)
(23, 19)
(23, 19)
(23, 19)
(24, 20)
(24, 20)
(24, 20)
(24, 20)
(24, 20)
(24, 20)
(24, 20)
(24, 20)
(24, 21)
(24, 21)
(24, 21)
(25, 21)
(25, 21)
(25, 22)
(25, 22)
(25, 22)
(25, 22)
(25, 22)
(25, 23)
(25, 23)
(25, 23)
(25, 23)
(25, 23)
(25, 24)
(25, 24)
(25, 24)
(25, 25)
(25, 25)
(25, 25)
(25, 26)
(25, 26)
(25, 26)
(25, 26)
(25, 26)
(25, 27)
(25, 27)
(25, 27)
(25, 27)
(25, 28)
(25, 28)
(25, 28)
(26, 28)
(26, 28)
(26, 29)
(26, 29)
(26, 29)
(26, 29)
(26, 29)
(26, 29)
(26, 29)
(27, 30)
(27, 30)
(27, 30)
(27, 30)
(27, 30)
(27, 30)
(27, 30)
(28, 30)
(28, 31)
(28, 31)
(28, 31)
(28, 31)
(28, 31)
(29, 31)
(29, 31)
(29, 31)
(29, 31)
(29, 32)
(29, 32)
(30, 32)
(30, 32)
(30, 32)
(30, 32)
(30, 32)
(31, 32)
(31, 32)
(31, 32)
(31, 32)
(31, 32)
(31, 32)
(32, 32)
(32, 32)
(32, 32)
(32, 32)
(32, 31)
(32, 31)
(32, 31)
(32, 31)
(32, 31)
(32, 31)
(32, 31)
(33, 31)
(33, 31)
(33, 30)
(33, 30)
(33, 30)
(33, 30)
(33, 30)
(33, 29)
(33, 29)
(33, 29)
(33, 29)
(33, 29)
(33, 29)
(33, 28)
(33, 28)
(33, 28)
(33, 28)
(33, 28)
(33, 28)
(33, 28)
(33, 27)
(33, 27)
(33, 27)
(33, 27)
(33, 27)
(33, 26)
(33, 26)
(33, 26)
(33, 26)
(33, 26)
(33, 25)
(33, 25)
(33, 25)
(33, 25)
(33, 25)
(33, 25)
(33, 25)
(34, 25)
(34, 25)
(34, 25)
(34, 25)
(34, 25)
(34, 25)
(34, 25)
(34, 25)
(34, 25)
(35, 24)
(35, 24)
(35, 24)
(35, 24)
(35, 24)
(35, 24)
(36, 24)
(36, 24)
(36, 24)
(36, 24)
(36, 24)
(37, 23)
(37, 23)
(37, 23)
(37, 23)
(38, 23)
(38, 23)
(38, 23)
(38, 23)
(39, 23)
(39, 23)
(39, 22)
(39, 22)
(39, 22)
(39, 22)
(40, 22)
(40, 22)
(40, 22)
(40, 22)
(40, 22)
(40, 22)
(40, 22)
(41, 22)
(41, 22)
(41, 22)
(41, 22)
(41, 22)
(41, 22)
(41, 21)
(41, 21)
(41, 21)
(41, 21)
(41, 21)
(41, 21)
(41, 21)
(41, 21)
(41, 20)
(41, 20)
(41, 20)
(41, 20)
(42, 20)
(42, 19)
(42, 19)
(42, 19)
(42, 19)
(42, 19)
(42, 19)
(42, 19)
(42, 19)
(41, 18)
(41, 18)
(41, 18)
(41, 18)
(41, 18)
(41, 18)
(41, 18)
(40, 18)
(40, 17)
(40, 17)
(40, 17)
(40, 17)
(40, 17)
(40, 17)
(40, 17)
(40, 17)
(39, 16)
(39, 16)
(39, 16)
(39, 16)
(39, 16)
(39, 16)
(39, 16)
(39, 15)
(39, 15)
(39, 15)
(39, 15)
(39, 15)
(39, 15)
(39, 14)
(39, 14)
(40, 14)
(40, 14)
(40, 14)
(40, 13)
(40, 13)
(40, 13)
(40, 13)
(41, 13)
(41, 13)
(41, 13)
(41, 13)
(41, 13)
(41, 13)
(41, 13)
(41, 13)
(41, 13)
(41, 13)
(41, 13)
(41, 13)
(42, 13)
(42, 13)
(42, 13)
(42, 13)
(42, 13)
(42, 13)
(42, 13)
(43, 13)
(43, 13)
(43, 13)
(43, 13)
(43, 13)
(43, 14)
(43, 14)
(43, 14)
(43, 14)
(43, 14)
(43, 14)
(43, 14)
(43, 14)
(44, 14)
(44, 14)
(44, 15)
(44, 15)
(44, 15)
(44, 15)
(44, 15)
(44, 15)
(44, 15)
(44, 16)
(43, 16)
(43, 16)
(43, 16)
(43, 16)
(43, 17)
(43, 17)
(43, 17)
(43, 17)
(43, 17)
(42, 17)
(42, 17)
(42, 18)
(42, 18)
(42, 18)
(42, 18)
(42, 18)
(42, 18)
(42, 18)
(42, 19)
(42, 19)
(42, 19)
(41, 19)
(41, 19)
(41, 19)
(41, 20)
(41, 20)
(41, 20)
(41, 20)
(41, 20)
(41, 21)
(41, 21)
(41, 21)
(40, 21)
(40, 22)
(40, 22)
(40, 22)
(40, 22)
(40, 22)
(39, 22)
(39, 23)
(39, 23)
(39, 23)
(39, 23)
(39, 23)
(38, 23)
(38, 23)
(38, 23)
(38, 24)
(38, 24)
(37, 24)
(37, 24)
(37, 24)
(37, 24)
(37, 24)
(37, 24)
(37, 24)
(36, 24)
(36, 24)
(36, 25)
(36, 25)
(36, 25)
(35, 25)
(35, 25)
(35, 25)
(35, 25)
(35, 25)
(34, 26)
(34, 26)
(34, 26)
(34, 26)
(34, 26)
(34, 26)
(34, 26)
(33, 27)
(33, 27)
(33, 27)
(33, 27)
(33, 27)
(33, 27)
(33, 27)
(33, 28)
(33, 28)
(33, 28)
(33, 28)
(32, 28)
(32, 28)
(32, 29)
(32, 29)
(32, 29)
(32, 29)
(32, 29)
(32, 29)
(32, 29)
(32, 29)
(32, 30)
(32, 30)
(32, 30)
(32, 30)
(32, 30)
(32, 30)
(32, 30)
(32, 30)
(32, 30)
(32, 29)
(32, 29)
(32, 28)
(32, 28)
(32, 27)
(32, 27)
(33, 26)
(33, 26)
(33, 26)
(33, 26)
(33, 25)
(33, 25)
(33, 25)
(33, 25)
(33, 24)
(33, 24)
(33, 24)
(33, 24)
(33, 24)
(33, 24)
(33, 24)
(33, 24)
(33, 24)
(33, 24)
(32, 25)
(32, 25)
(32, 25)
(32, 26)
(32, 26)
(32, 26)
(32, 26)
(32, 26)
(32, 26)
(32, 26)
(32, 26)
(32, 25)
(32, 25)
(32, 25)
(32, 24)
(32, 24)
(32, 23)
(32, 23)
(32, 23)
(32, 22)
(32, 22)
(32, 22)
(32, 22)
(32, 21)
(32, 21)
(32, 21)
(32, 21)
(32, 20)
(32, 20)
(32, 20)
(32, 20)
(32, 19)
(32, 19)
(32, 19)
(32, 19)
(32, 18)
(32, 18)
(32, 18)
(32, 17)
(32, 17)
(33, 17)
(33, 16)
(33, 16)
(33, 16)
(33, 16)
(33, 15)
(33, 15)
(33, 15)
(33, 14)
(33, 14)
(33, 14)
(32, 14)
(32, 14)
(32, 14)
(32, 14)
(32, 14)
(32, 13)
(32, 13)
(32, 13)
(32, 13)
(32, 13)
(32, 13)
(32, 13)
(32, 13)
(32, 13)
(31, 13)
(31, 12)
(31, 12)
(31, 12)
(31, 12)
(31, 12)
(31, 12)
(31, 12)
(31, 12)
(30, 12)
(30, 12)
(30, 12)
(30, 11)
(30, 11)
(30, 11)
(30, 11)
(30, 11)
(30, 11)
(30, 11)
(30, 10)
(30, 10)
(30, 10)
(30, 10)
(30, 10)
(30, 9)
(30, 9)
(30, 9)
(31, 9)
(31, 8)
(31, 8)
(31, 8)
(31, 8)
(31, 8)
(31, 8)
(32, 8)
(32, 8)
(32, 8)
(32, 8)
(32, 8)
(32, 8)
(32, 8)
(33, 8)
(33, 8)
(33, 8)
(33, 8)
(33, 8)
(33, 8)
(34, 8)
(34, 8)
(34, 8)
(34, 9)
(34, 9)
(34, 9)
(34, 9)
(34, 9)
(35, 9)
(35, 10)
(35, 10)
(35, 10)
(35, 10)
(35, 10)
(35, 10)
(35, 10)
(35, 11)
(35, 11)
(35, 11)
(35, 11)
(35, 11)
(34, 11)
(34, 12)
(34, 12)
(34, 12)
(34, 12)
(34, 12)
(34, 12)
(34, 12)
(34, 13)
(34, 13)
(33, 13)
(33, 13)
(33, 13)
(33, 13)
(33, 13)
(33, 14)
(33, 14)
(33, 14)
(33, 14)
(33, 14)
(32, 14)
(32, 14)
(32, 15)
(32, 15)
(32, 15)
(32, 15)
(32, 15)
(32, 16)
(32, 16)
(32, 16)
(32, 16)
(32, 16)
(32, 16)
(32, 16)
(32, 16)
(32, 16)
(32, 16)
(32, 16)
(32, 17)
(32, 17)
(32, 17)
(32, 17)
(32, 17)
(32, 17)
(32, 17)
(32, 18)
(32, 18)
(32, 18)
(32, 18)
(32, 18)
(32, 18)
(32, 19)
(32, 19)
(32, 19)
(32, 19)
(32, 19)
(32, 19)
(32, 19)
(32, 20)
(32, 20)
(32, 20)
(32, 20)
(32, 20)
(32, 21)
(32, 21)
(32, 21)
(32, 21)
(32, 22)
(32, 22)
(32, 22)
(32, 22)
(32, 22)
(32, 23)
(32, 23)
(32, 23)
(32, 23)
(32, 23)
(32, 23)
(33, 24)
(33, 24)
(33, 24)
(33, 24)
(33, 24)
(33, 24)
(33, 25)
(33, 25)
(33, 25)
(33, 25)
(33, 26)
(33, 26)
(33, 26)
(33, 26)
(33, 26)
(33, 26)
(33, 27)
(33, 27)
(33, 27)
(33, 27)
(33, 28)
(33, 28)
(33, 28)
(33, 28)
(33, 28)
(32, 29)
(32, 29)
(32, 29)
(32, 29)
(32, 30)
(32, 30)
(32, 30)
(32, 30)
(32, 30)
(32, 31)
(32, 31)
(32, 31)
(32, 31)
(32, 31)
(32, 32)
(32, 32)
(32, 32)
(32, 32)
(32, 33)
(32, 33)
(32, 33)
(32, 34)
(32, 34)
(32, 34)
(32, 34)
(32, 35)
(32, 35)
(32, 35)
(32, 35)
(32, 36)
(32, 36)
(32, 36)
(32, 36)
(32, 37)
(32, 37)
(32, 37)
(32, 38)
(32, 38)
(32, 38)
(32, 39)
(32, 39)
(32, 39)
(32, 40)
(32, 40)
(32, 40)
(32, 41)
(32, 41)
(32, 42)
(32, 42)
(32, 42)
(32, 43)
(32, 43)
(32, 43)
(32, 44)
(32, 44)
(32, 44)
(32, 44)
(32, 45)
(32, 45)
(32, 45)
(32, 46)
(32, 46)
(32, 46)
(32, 47)
(32, 47)
(32, 47)
(32, 47)
(32, 48)
(32, 48)
(32, 48)
(32, 49)
(32, 49)
(32, 49)
(32, 49)
(32, 50)
(32, 50)
(32, 50)
(32, 51)
(32, 51)
(32, 51)
(32, 52)
(32, 52)
(32, 52)
(32, 53)
(32, 53)
(32, 53)
(32, 54)
(32, 54)
(32, 54)
(32, 55)
(32, 55)
(32, 55)
(32, 55)
(32, 56)
(32, 56)
(32, 56)
(32, 57)
(32, 57)
(32, 57)
(32, 57)
(32, 57)
(32, 58)
(32, 58)
(32, 58)
(32, 58)
(32, 58)
(32, 58)
(32, 58)
(32, 59)
(32, 59)
(32, 59)
(32, 59)
(32, 59)
(32, 59)
(32, 59)
(32, 59)
(32, 59)
(32, 59)
(32, 59)
(32, 59)
(32, 59)
(32, 59)
(32, 59)
(32, 60)
(32, 60)
(32, 60)
(32, 60)
(32, 60)
(33, 60)
(33, 60)
(33, 60)
(33, 60)
(33, 60)
(33, 60)
(33, 60)
(33, 60)
(33, 60)
(33, 60)
(33, 60)
(33, 60)
(33, 60)
(33, 60)
(33, 61)
(33, 61)
(33, 61)
(33, 61)
(33, 61)
(32, 61)
(32, 61)
(32, 61)
(32, 61)
(32, 61)
